Run	Iteration	Algorithm	Best P[0]	Best P[1]	Best P[2]	Best P[3]	Best Fitness	Avg Fitness	Worst Fitness
1	0	CSO	0.0651	0.9489	0.9656	0.8084	1.7519	1.2025	0.6095
1	25	CSO	0.0455	0.7830	0.9599	0.7603	1.7967	1.5269	0.9872
1	50	CSO	0.0500	0.4195	0.8274	0.6027	1.7967	1.5815	1.3124
1	75	CSO	0.0000	0.2843	0.6437	0.8098	1.8165	1.6190	1.4350
1	100	CSO	0.0422	0.4382	0.8565	0.5516	1.8419	1.6504	1.4799
1	0	FPA	0.8581	0.8200	0.7740	0.9486	1.6297	1.2452	0.7351
1	25	FPA	0.4086	1.0000	0.7410	0.9381	1.8423	1.6088	1.0818
1	50	FPA	0.7158	0.8024	0.8381	0.5826	1.8423	1.7073	1.2733
1	75	FPA	0.9992	1.0000	0.7826	0.7130	1.8423	1.7315	1.2733
1	100	FPA	0.6884	0.6703	0.3881	0.0234	1.8423	1.7652	1.6318
2	0	CSO	0.9497	0.9798	0.8989	0.9859	1.7069	1.3159	0.7656
2	25	CSO	0.1167	1.0000	0.7627	0.7291	1.7850	1.5414	1.1918
2	50	CSO	0.1521	1.0000	0.8310	1.0000	1.8163	1.6415	1.4061
2	75	CSO	0.3346	0.4048	1.0000	0.0000	1.8163	1.6660	1.4299
2	100	CSO	0.0000	0.8868	0.6284	0.8367	1.8423	1.6943	1.4770
2	0	FPA	0.0119	0.8901	0.8653	0.9922	1.7696	1.2545	0.5814
2	25	FPA	0.4118	0.7139	0.0051	0.8836	1.7697	1.5196	1.0388
2	50	FPA	0.0000	0.7219	1.0000	0.3228	1.7835	1.6190	1.1514
2	75	FPA	0.2712	0.2460	0.7549	0.1474	1.8407	1.6871	1.4106
2	100	FPA	0.4089	0.2698	1.0000	1.0000	1.8407	1.7104	1.5709
3	0	CSO	0.1534	0.8196	0.8614	0.8880	1.6923	1.2902	0.6821
3	25	CSO	0.0000	0.5212	0.5751	0.8522	1.7508	1.4743	1.0878
3	50	CSO	0.2917	0.9721	0.7635	0.6429	1.7557	1.5605	1.3465
3	75	CSO	0.0280	0.7433	0.6703	0.7817	1.7750	1.5971	1.3465
3	100	CSO	0.2437	0.5620	0.8283	0.7469	1.8124	1.6194	1.3465
3	0	FPA	0.0449	0.8447	0.9867	0.7875	1.7183	1.2635	0.7543
3	25	FPA	0.0000	1.0000	1.0000	1.0000	1.8423	1.5913	1.2265
3	50	FPA	0.6683	0.6901	0.6701	0.8569	1.8423	1.7025	1.4617
3	75	FPA	0.2517	0.9510	0.8485	0.5071	1.8423	1.7287	1.4617
3	100	FPA	1.0000	0.6030	0.6627	0.5538	1.8423	1.7468	1.5402
4	0	CSO	0.6998	0.8354	0.2261	0.9216	1.5485	1.2069	0.6087
4	25	CSO	0.1825	1.0000	0.2576	0.9103	1.7865	1.5086	1.1589
4	50	CSO	0.1160	0.8048	1.0000	1.0000	1.8163	1.5618	1.1677
4	75	CSO	0.0000	0.7473	0.9224	0.6150	1.8241	1.5999	1.2962
4	100	CSO	0.3474	0.6404	0.6244	0.7671	1.8241	1.6369	1.4365
4	0	FPA	0.5863	0.9604	0.3681	0.7879	1.5622	1.1216	0.4216
4	25	FPA	0.1049	1.0000	1.0000	1.0000	1.8269	1.5538	0.6274
4	50	FPA	0.8735	1.0000	0.7851	1.0000	1.8269	1.6450	1.2839
4	75	FPA	1.0000	0.8298	0.8461	0.1681	1.8269	1.7116	1.4345
4	100	FPA	1.0000	1.0000	1.0000	0.7816	1.8269	1.7221	1.4471
5	0	CSO	0.5158	0.9705	0.9871	0.7262	1.6758	1.2780	0.7413
5	25	CSO	0.4452	0.7946	0.2684	0.6018	1.7335	1.5083	1.2074
5	50	CSO	0.4113	0.8557	1.0000	0.6207	1.7758	1.5918	1.3074
5	75	CSO	0.5334	0.7064	1.0000	0.8494	1.7944	1.6247	1.3223
5	100	CSO	0.2176	0.8970	0.4898	0.3382	1.7944	1.6571	1.4151
5	0	FPA	0.5363	0.9471	0.2796	0.9888	1.6231	1.2687	0.5914
5	25	FPA	1.0000	0.7017	0.8922	0.0000	1.7550	1.5165	0.8788
5	50	FPA	0.5873	0.9632	0.0102	0.4022	1.8178	1.6363	1.2838
5	75	FPA	0.9753	1.0000	0.6396	0.0351	1.8329	1.6936	1.3691
5	100	FPA	0.6461	0.7733	1.0000	0.0000	1.8423	1.7228	1.4942
6	0	CSO	0.4393	0.8750	0.5357	0.9995	1.6508	1.2743	0.6238
6	25	CSO	0.4488	0.6910	0.3075	0.3766	1.8167	1.4770	0.9830
6	50	CSO	0.1853	0.6729	0.8606	0.9884	1.8167	1.5537	1.2532
6	75	CSO	0.3800	0.9879	0.7887	0.8009	1.8167	1.6117	1.3065
6	100	CSO	0.1934	0.9142	0.3519	0.2504	1.8167	1.6434	1.3065
6	0	FPA	0.8741	0.8340	0.9125	0.8822	1.6312	1.1788	0.6870
6	25	FPA	0.3153	0.9950	0.7582	0.0764	1.7583	1.5266	1.1452
6	50	FPA	0.0000	1.0000	0.6800	0.9995	1.7608	1.6153	1.3645
6	75	FPA	0.2822	0.0000	0.6260	0.5778	1.7905	1.6802	1.3923
6	100	FPA	0.0000	1.0000	1.0000	1.0000	1.8423	1.7063	1.3966
7	0	CSO	0.1500	0.8456	0.4652	0.9293	1.6100	1.2763	0.9239
7	25	CSO	0.0215	0.4223	0.7716	1.0000	1.6909	1.5160	1.1070
7	50	CSO	0.3026	0.7094	0.7552	0.6797	1.7993	1.5824	1.2146
7	75	CSO	0.3242	0.4747	0.5505	0.1976	1.7993	1.5969	1.2146
7	100	CSO	0.6602	1.0000	0.7428	0.8926	1.7993	1.6203	1.2895
7	0	FPA	0.1880	0.9060	0.9099	0.6644	1.6573	1.1867	0.6499
7	25	FPA	0.0069	0.0885	0.8880	0.9969	1.8082	1.5829	1.1156
7	50	FPA	0.1675	0.0000	0.2520	0.1872	1.8082	1.6659	1.4410
7	75	FPA	0.6911	0.5947	0.9999	0.9637	1.8269	1.7029	1.5591
7	100	FPA	0.0000	1.0000	1.0000	0.9996	1.8422	1.7135	1.5591
8	0	CSO	0.4812	0.9679	0.3266	0.8555	1.5852	1.3317	1.0318
8	25	CSO	0.0281	0.7299	0.7906	0.8627	1.8389	1.5162	1.2352
8	50	CSO	0.3168	0.6325	1.0000	0.4890	1.8389	1.5671	1.3045
8	75	CSO	0.5695	0.3320	0.3923	0.6065	1.8423	1.6155	1.3218
8	100	CSO	0.9186	0.7056	0.0083	0.5777	1.8423	1.6279	1.3635
8	0	FPA	0.4779	0.7160	0.9716	0.7823	1.6046	1.2701	0.8256
8	25	FPA	0.5685	0.5446	1.0000	0.6481	1.7716	1.5126	1.1548
8	50	FPA	0.2045	0.7763	1.0000	0.6924	1.7716	1.6104	1.3794
8	75	FPA	0.0000	0.9953	1.0000	0.5349	1.8423	1.6577	1.4797
8	100	FPA	0.0000	1.0000	0.5731	0.7124	1.8423	1.6811	1.4797
9	0	CSO	0.9232	0.9426	0.9315	0.9888	1.7027	1.2957	0.7833
9	25	CSO	0.3295	0.8488	0.7584	0.8615	1.7824	1.5375	1.1367
9	50	CSO	0.9205	0.9307	0.5034	0.3809	1.8300	1.6099	1.1491
9	75	CSO	0.6810	0.6020	1.0000	0.2321	1.8300	1.6564	1.3827
9	100	CSO	0.2105	0.1205	0.0442	0.9656	1.8300	1.6679	1.4411
9	0	FPA	0.3899	0.9366	0.8442	0.9902	1.7352	1.2607	0.8132
9	25	FPA	0.1731	1.0000	0.9875	0.9055	1.8068	1.5583	0.9285
9	50	FPA	0.1025	0.9992	1.0000	0.8697	1.8423	1.6389	1.3201
9	75	FPA	0.0383	1.0000	0.1792	0.4191	1.8423	1.6941	1.4162
9	100	FPA	0.0000	1.0000	0.0124	0.4851	1.8423	1.7117	1.5741
10	0	CSO	0.2719	0.8274	0.8684	0.7096	1.6201	1.2195	0.5668
10	25	CSO	0.7317	0.4820	0.6732	0.7276	1.8044	1.4729	1.0953
10	50	CSO	0.9929	0.6205	0.0861	0.7852	1.8044	1.5246	1.1573
10	75	CSO	0.8783	0.9974	0.0550	0.9041	1.8044	1.5620	1.1573
10	100	CSO	0.0923	0.5925	0.1970	0.5015	1.8044	1.6112	1.2526
10	0	FPA	0.6340	0.8581	0.9133	0.7919	1.6298	1.2326	0.5924
10	25	FPA	0.0000	0.1263	0.9995	0.3759	1.7796	1.5551	0.9597
10	50	FPA	0.0843	1.0000	0.9719	0.9517	1.8094	1.6415	1.2574
10	75	FPA	0.1923	0.5134	1.0000	1.0000	1.8094	1.7055	1.5497
10	100	FPA	0.0255	0.9928	1.0000	0.8636	1.8273	1.7308	1.5497